121
129
309
327
343
410
443
505
566
743
833
909
1037
1082
1098
1112
1115
1184
1237
1244
1291
1314
1335
1350
1352
1399
1470
1548
1636
1647
1737
1798
1811
1814
1953
1969
1983
2007
2049
2108
2118
2170
2177
2178
2226
2293
2302
2318
2332
2341
2343
2406
2410
2411
2412
2414
2421
2460
2606
2608
2616
2639
2677
2721
2722
2770
2851
2858
2935
2979
2992
3074
3079
3113
3119
3124
3132
3150
3183
3204
3361
3367
3372
3415
3416
3483
3542
3563
3691
3694
3718
3760
3764
3853
3854
3929
3965
3976
4014
4027
4042
4068
4121
4184
4209
4244
4305
4311
4318
4395
4402
4447
4498
4546
4632
4677
4684
4685
4693
4706
4923
4930
4984
5012
5035
5061
5084
5113
5117
5237
5286
5333
5388
5418
5589
5702
5714
5717
5755
5810
5888
5982
6033
6038
6048
6064
6089
6187
6190
6266
6335
6349
6368
6373
6444
6450
6483
6510
6658
6733
6756
6768
6776
6796
6853
6905
6908
6967
6969
6973
6994
7064
7206
7238
7285
7299
7323
7360
7374
7482
7507
7534
7555
7638
7654
7718
7729
7752
7796
7827
7859
7890
7968
7984
8027
8074
8126
8258
8460
8473
8482
8486
8499
8529
8570
8632
8637
8718
8721
8723
8829
8839
8865
8902
8909
8987
9055
9093
9106
9144
9189
9207
9266
9270
9303
9391
9398
9404
9407
9423
9446
9493
9530
9532
9591
9677
9678
9727
9813
9845
9950
10003
10081
10219
10440
10480
10557
10581
10601
10696
10730
10736
10878
10934
10972
11107
11159
11228
11240
11257
11306
11314
11390
11492
11557
11773
11808
11809
11837
11841
11919
11920
11923
12022
12067
12090
12198
12217
12229
12239
12286
12332
12404
12405
12553
12583
12621
12639
12708
12713
12744
12747
12801
12810
12914
13011
13040
13152
13279
13361
13367
13427
13517
13567
13593
13645
13885
14103
14108
14153
14165
14313
14367
14406
14500
14655
14672
14709
14723
14876
14948
14957
14968
15095
15217
15264
15293
15325
15340
15382
15392
15393
15427
15457
15530
15565
15638
15707
15777
15814
15825
15830
15895
15916
15959
16013
16034
16054
16120
16172
16175
16229
16402
16428
16437
16474
16527
16539
16605
16640
16645
16676
16731
16748
16773
16892
16933
17058
17072
17147
17165
17237
17248
17304
17334
17409
17419
17474
17482
17485
17497
17509
17521
17562
17572
17611
17653
17665
17744
17763
17776
17803
17836
17843
17884
17890
17955
18107
18179
18210
18222
18250
18283
18295
18343
18390
18391
18402
18491
18629
18640
18675
18771
18843
18851
18870
18962
18963
18967
18981