28
43
44
45
68
73
76
80
85
87
95
112
114
119
125
147
154
158
166
170
189
198
202
204
208
247
252
261
276
278
288
308
311
326
339
360
372
378
379
385
395
403
413
416
429
493
500
502
535
575
577
583
625
646
653
656
658
671
676
691
695
732
738
751
760
821
832
834
850
865
886
888
921
925
949
950
957
962
969
983
987
992
1004
1039
1052
1075
1077
1081
1091
1128
1134
1144
1154
1168
1171
1177
1185
1208
1217
1218
1273
1286
1289
1307
1311
1324
1328
1363
1411
1419
1502
1513
1515
1552
1564
1566
1591
1600
1603
1623
1624
1632
1653
1676
1686
1697
1699
1703
1709
1765
1791
1795
1801
1803
1808
1810
1815
1832
1845
1854
1864
1885
1892
1893
1901
1905
1914
1916
1918
1950
1952
1994
1997
2001
2012
2014
2023
2027
2085
2119
2144
2152
2156
2160
2164
2216
2220
2227
2247
2297
2299
2317
2335
2353
2355
2362
2369
2378
2381
2383
2396
2431
2449
2453
2459
2462
2464
2476
2488
2516
2531
2543
2545
2585
2648
2650
2683
2715
2736
2752
2756
2776
2807
2814
2843
2844
2856
2897
2963
2986
2997
3002
3018
3026
3031
3051
3063
3111
3112
3117
3135
3153
3174
3197
3232
3237
3249
3257
3264
3297
3305
3316
3323
3324
3329
3333
3357
3391
3397
3406
3486
3506
3519
3559
3619
3626
3681
3743
3779
3795
3802
3811
3817
3829
3836
3860
3882
3890
3895
3897
3899
3927
3998
4054
4062
4070
4084
4118
4120
4146
4152
4157
4183
4186
4229
4234
4249
4359
4413
4451
4543
4547
4599
4609
4630
4663
4692
4696
4715
4747
4754
4760
4761
4783
4939
4948
5003
5021
5032
5039
5093
5110
5115
5130
5131
5153
5155
5167
5181
5197
5213
5239
5242
5306
5326
5361
5365
5384
5392
5394
5426
5428
5437
5498
5521
5535
5537
5546
5576
5598
5633
5653
5713
5747
5748
5797
5798
5829
5851
5852
5859
5895
5918
5948
6021
6049
6074
6082
6090
6127
6132
6159
6164
6176
6184
6206
6242
6247
6334
6336
6380
6385
6401
6423
6440
6484
6571
6602
6637
6726
6798
6814
6831
6874
6880
6921
6938
6950
6968
7006
7011
7124
7131
7184
7204
7213
7293
7322
7328
7505
7512
7515
7521
7540
7586
7595
7658
7667
7777
7811
7818
7829
7888
7892
7918
7946
7961
8044
8046
8047
8084
8110
8131
8150
8286
8411
8422
8441
8477
8509
8518
8532
8538
8543
8572
8640
8749
8836
8920
8923
8940
8998
9024
9034
9041
9124
9188
9202
9307
9483
9497
9577
9669
9672
9702
9896
9947
10083
10145
10191
10257
10263
10297
10369
10423
10483
10487
10554
10617
10667
10740
10752
10764
10790
10857
10906
10958
10982
10983
10998
11044
11045
11062
11064
11139
11185
11197
11220
11452
11516
11558
11612
11687
11720
11850
11871
11913
11983
12049
12077
12091
12174
12196
12247
12249
12256
12422
12424
12559
12604
12612
12627
12635
12679
12685
12689
12802
12813
12819
12827
12888
12948
12955
12961
12990
13022
13041
13044
13065
13067
13146
13225
13241
13250
13326
13339
13418
13451
13452
13522
13544
13585
13609
13635
13693
13724
13766
13776
13803
13832
13856
13861
13924
13945
13959
13978
13989
13993
13995
14022
14026
14028
14053
14072
14098
14143
14159
14217
14244
14247
14252
14396
14415
14481
14532
14577
14586
14596
14603
14628
14634
14682
14716
14724
14738
14782
14795
14903
14920
14941
14995
15006
15034
15073
15107
15108
15231
15237
15288
15298
15312
15335
15354
15362
15503
15544
15547
15613
15620
15623
15644
15715
15718
15738
15749
15751
15839
15845
15868
15907
15965
15966
15982
15990
16011
16062
16110
16118
16140
16156
16194
16222
16225
16230
16280
16282
16289
16304
16320
16326
16332
16333
16360
16418
16425
16487
16571
16578
16610
16649
16662
16733
16735
16788
16792
16806
16843
16846
16858
16860
16865
17002
17017
17048
17078
17113
17131
17138
17140
17168
17171
17175
17219
17225
17229
17335
17439
17446
17449
17478
17486
17492
17521
17560
17566
17650
17665
17699
17700
17740
17781
17797
17898
17922
17928
17941
17973
18051
18060
18079
18082
18189
18219
18220
18312
18317
18325
18327
18373
18407
18442
18497
18525
18553
18557
18618
18667
18684
18770
18799
18816
18839
18841
18847
18868
18902
18907
18927
18932
18951
18960