22
23
28
39
43
44
45
54
63
65
68
73
76
80
85
87
95
112
114
118
119
123
125
147
154
158
164
166
170
189
198
202
204
206
208
233
247
252
261
276
278
288
302
308
311
326
339
360
372
378
379
385
395
403
413
415
416
429
493
500
501
502
535
575
577
581
583
618
625
632
643
646
653
656
658
671
676
691
695
727
732
738
751
760
781
821
826
832
834
850
865
871
886
888
921
925
949
950
957
962
969
983
987
992
1004
1011
1037
1039
1052
1057
1075
1077
1081
1091
1128
1134
1144
1154
1168
1171
1177
1179
1185
1197
1198
1208
1217
1218
1244
1252
1270
1273
1280
1286
1289
1307
1311
1324
1328
1363
1392
1411
1413
1419
1432
1458
1502
1513
1515
1537
1552
1564
1566
1591
1600
1603
1606
1620
1623
1624
1632
1653
1676
1682
1686
1697
1699
1703
1709
1728
1765
1783
1791
1795
1801
1803
1808
1810
1815
1819
1825
1832
1836
1839
1845
1853
1854
1864
1885
1892
1893
1901
1905
1914
1916
1918
1929
1950
1952
1991
1994
1997
2001
2007
2012
2014
2023
2027
2085
2090
2119
2123
2144
2152
2156
2159
2160
2164
2177
2185
2200
2216
2220
2227
2237
2246
2247
2291
2297
2299
2300
2317
2335
2353
2355
2357
2362
2369
2378
2381
2383
2390
2394
2396
2431
2449
2453
2459
2462
2464
2468
2471
2475
2476
2488
2516
2529
2530
2531
2543
2545
2561
2567
2585
2610
2647
2648
2650
2658
2676
2683
2715
2726
2734
2736
2747
2752
2756
2758
2776
2800
2807
2814
2843
2844
2851
2856
2880
2897
2901
2917
2924
2942
2963
2983
2986
2997
3002
3004
3018
3024
3026
3031
3051
3063
3091
3102
3111
3112
3117
3135
3153
3174
3197
3202
3232
3233
3237
3242
3245
3249
3257
3264
3292
3297
3305
3316
3323
3324
3329
3333
3344
3357
3391
3397
3401
3406
3436
3486
3500
3506
3519
3559
3570
3619
3626
3634
3681
3717
3721
3743
3748
3753
3775
3779
3795
3802
3811
3817
3824
3827
3829
3835
3836
3839
3840
3842
3860
3861
3882
3890
3895
3897
3899
3907
3927
3998
4028
4054
4062
4070
4084
4112
4118
4120
4135
4146
4152
4157
4183
4186
4197
4229
4234
4249
4359
4413
4414
4444
4451
4543
4547
4565
4568
4599
4609
4630
4636
4639
4657
4663
4692
4696
4715
4746
4747
4751
4754
4760
4761
4777
4783
4912
4921
4939
4948
4966
4982
4993
5001
5003
5005
5014
5021
5032
5039
5047
5092
5093
5110
5115
5130
5131
5142
5153
5155
5167
5181
5197
5213
5232
5239
5242
5297
5306
5326
5347
5361
5363
5365
5378
5384
5392
5394
5404
5422
5426
5428
5437
5491
5498
5521
5535
5537
5544
5546
5550
5562
5576
5580
5598
5614
5633
5653
5663
5685
5695
5713
5747
5748
5795
5797
5798
5829
5851
5852
5859
5868
5895
5897
5918
5948
5983
6021
6035
6049
6055
6074
6082
6090
6116
6127
6132
6159
6164
6176
6184
6206
6213
6242
6243
6247
6249
6268
6324
6334
6336
6372
6380
6385
6401
6423
6440
6484
6497
6514
6530
6538
6571
6602
6632
6637
6674
6707
6726
6782
6798
6814
6831
6865
6874
6880
6905
6921
6938
6939
6948
6949
6950
6964
6968
6985
7006
7010
7011
7030
7038
7124
7125
7131
7184
7203
7204
7213
7219
7293
7322
7328
7450
7470
7472
7505
7512
7515
7521
7523
7540
7569
7586
7595
7646
7658
7667
7680
7688
7777
7779
7811
7818
7829
7888
7892
7893
7895
7918
7946
7961
8008
8027
8044
8046
8047
8060
8084
8110
8131
8150
8286
8384
8411
8422
8441
8477
8508
8509
8518
8532
8538
8543
8572
8640
8674
8749
8836
8917
8920
8923
8931
8940
8998
9012
9024
9034
9041
9112
9123
9124
9144
9188
9202
9270
9307
9332
9351
9431
9434
9438
9439
9483
9497
9558
9560
9565
9577
9669
9672
9697
9702
9753
9813
9844
9871
9896
9941
9947
9981
9989
10029
10083
10095
10099
10114
10145
10191
10223
10242
10257
10263
10297
10323
10341
10343
10360
10369
10396
10401
10423
10441
10443
10483
10487
10493
10544
10554
10617
10623
10667
10697
10740
10752
10764
10790
10846
10849
10850
10857
10880
10894
10900
10906
10922
10939
10945
10958
10982
10983
10998
11044
11045
11062
11064
11137
11139
11158
11165
11185
11197
11220
11399
11404
11452
11516
11539
11558
11577
11597
11612
11668
11687
11711
11720
11740
11776
11781
11813
11815
11850
11851
11871
11909
11912
11913
11917
11957
11983
11995
12049
12077
12091
12104
12126
12149
12165
12167
12174
12187
12196
12207
12247
12249
12256
12296
12297
12305
12320
12402
12420
12422
12424
12435
12453
12470
12492
12514
12559
12598
12600
12604
12612
12627
12635
12661
12679
12685
12689
12704
12767
12780
12797
12802
12813
12819
12827
12842
12888
12894
12897
12919
12930
12948
12955
12961
12973
12990
13022
13026
13027
13041
13044
13050
13065
13067
13073
13109
13146
13188
13225
13241
13250
13273
13316
13326
13339
13342
13418
13451
13452
13469
13476
13504
13522
13526
13544
13572
13573
13585
13609
13635
13678
13693
13724
13758
13765
13766
13776
13803
13828
13832
13856
13861
13862
13873
13924
13945
13959
13965
13973
13978
13982
13989
13993
13995
14009
14015
14022
14026
14028
14044
14053
14069
14070
14072
14085
14090
14098
14142
14143
14152
14159
14201
14217
14232
14244
14247
14252
14257
14277
14328
14396
14411
14415
14421
14430
14442
14452
14467
14481
14505
14519
14532
14567
14573
14577
14586
14596
14603
14628
14634
14669
14678
14682
14716
14724
14738
14744
14769
14782
14795
14819
14821
14846
14847
14851
14853
14875
14903
14920
14941
14987
14995
15006
15034
15041
15050
15073
15107
15108
15127
15128
15135
15231
15237
15242
15243
15288
15298
15312
15335
15354
15355
15362
15376
15406
15436
15468
15503
15526
15544
15547
15554
15565
15583
15613
15620
15621
15623
15632
15644
15656
15678
15700
15710
15715
15718
15738
15749
15751
15782
15839
15845
15864
15868
15896
15907
15921
15928
15965
15966
15982
15990
16011
16038
16054
16062
16094
16104
16110
16118
16140
16156
16194
16203
16216
16222
16225
16229
16230
16232
16280
16282
16289
16294
16304
16309
16315
16320
16326
16332
16333
16334
16355
16356
16358
16360
16418
16425
16453
16487
16516
16567
16571
16572
16578
16591
16607
16610
16649
16658
16662
16720
16733
16735
16764
16788
16792
16801
16806
16843
16846
16858
16860
16861
16865
16870
16889
16913
16931
17002
17010
17017
17023
17027
17030
17048
17078
17090
17099
17103
17113
17128
17131
17138
17140
17148
17168
17171
17175
17215
17219
17225
17228
17229
17308
17320
17330
17335
17349
17371
17429
17439
17446
17449
17450
17453
17468
17478
17486
17490
17492
17505
17519
17521
17560
17566
17614
17641
17650
17663
17665
17673
17674
17699
17700
17740
17781
17787
17788
17797
17800
17875
17892
17898
17913
17921
17922
17928
17934
17941
17961
17973
17998
18003
18035
18051
18060
18079
18082
18139
18189
18216
18217
18219
18220
18230
18246
18277
18287
18302
18312
18313
18317
18325
18326
18327
18333
18336
18373
18377
18407
18423
18433
18442
18453
18456
18464
18466
18475
18497
18525
18545
18553
18557
18576
18590
18605
18611
18618
18629
18667
18679
18680
18684
18685
18709
18714
18743
18770
18773
18799
18816
18828
18839
18841
18847
18865
18868
18878
18881
18892
18902
18907
18919
18927
18931
18932
18933
18951
18956
18960
18987
18999