3
30
52
145
227
272
285
320
327
350
430
442
444
456
467
491
532
543
565
596
601
609
615
639
663
670
711
766
779
784
811
831
887
926
955
993
1014
1067
1070
1090
1109
1159
1206
1209
1216
1219
1221
1246
1287
1296
1356
1377
1380
1413
1491
1560
1612
1629
1652
1679
1780
1834
1850
1868
1894
1915
1959
1976
1977
2006
2009
2018
2059
2125
2149
2165
2181
2201
2213
2252
2263
2280
2295
2311
2405
2413
2425
2444
2485
2555
2590
2641
2649
2766
2782
2804
2812
2818
2830
2877
2886
2936
2977
3002
3009
3015
3025
3046
3061
3067
3148
3182
3196
3227
3248
3263
3293
3315
3319
3332
3345
3350
3373
3419
3420
3426
3439
3458
3478
3480
3485
3487
3547
3556
3573
3596
3611
3613
3637
3648
3669
3690
3765
3813
3831
3853
3881
3885
3887
3908
3911
3915
3920
3936
3948
3958
3966
3971
3981
3983
4022
4034
4081
4147
4166
4175
4181
4204
4241
4247
4295
4316
4344
4358
4365
4396
4422
4428
4430
4440
4486
4494
4522
4617
4637
4642
4650
4653
4680
4695
4741
4744
4746
4797
4806
4823
4840
4864
4865
4963
5015
5059
5071
5089
5171
5200
5217
5232
5252
5272
5324
5341
5405
5603
5605
5634
5639
5730
5737
5758
5760
5784
5820
5831
5861
5899
5902
5939
5944
5945
5977
5986
6017
6019
6041
6051
6067
6073
6106
6148
6168
6170
6182
6185
6272
6276
6282
6325
6333
6372
6383
6390
6397
6412
6419
6448
6473
6539
6556
6563
6590
6617
6619
6622
6639
6640
6667
6669
6703
6783
6852
6931
6932
6963
7001
7015
7030
7033
7036
7061
7173
7249
7261
7262
7265
7269
7330
7333
7336
7345
7348
7401
7428
7459
7471
7485
7531
7597
7613
7619
7768
7775
7797
7809
7810
7832
7916
7921
7929
7964
7965
7969
8025
8031
8071
8075
8079
8107
8129
8130
8173
8211
8284
8344
8379
8540
8561
8643
8648
8649
8662
8684
8691
8751
8773
8785
8798
8811
8884
8935
8954
8983
9067
9073
9086
9087
9096
9124
9127
9140
9146
9174
9176
9199
9232
9244
9246
9258
9262
9304
9360
9424
9474
9549
9567
9571
9609
9630
9634
9695
9802
9838
9890
9905
9913
9951
9962
10013
10079
10110
10113
10130
10164
10269
10314
10354
10372
10376
10378
10389
10412
10447
10454
10468
10492
10515
10523
10579
10620
10623
10644
10647
10651
10654
10679
10686
10703
10732
10748
10768
10788
10799
10842
10846
10855
10856
10863
10864
10905
10921
10931
10942
10968
11021
11076
11093
11135
11136
11199
11209
11223
11277
11354
11395
11420
11428
11430
11434
11442
11447
11459
11470
11494
11522
11532
11541
11551
11560
11569
11618
11644
11714
11741
11758
11764
11870
11895
11909
11911
11935
11937
11957
12002
12027
12055
12117
12129
12143
12161
12172
12189
12262
12290
12319
12320
12359
12368
12399
12441
12447
12454
12461
12474
12479
12518
12524
12527
12542
12606
12639
12695
12703
12730
12734
12752
12759
12780
12852
12854
12858
12871
12913
12955
12967
12985
12997
13003
13034
13085
13090
13092
13097
13173
13175
13205
13266
13276
13292
13331
13367
13370
13394
13433
13470
13486
13497
13521
13559
13570
13571
13588
13592
13593
13617
13656
13692
13704
13781
13803
13830
13855
13891
13960
13996
14036
14048
14054
14073
14079
14136
14138
14171
14203
14266
14289
14295
14316
14318
14332
14357
14392
14544
14545
14599
14624
14630
14672
14715
14716
14720
14803
14823
14827
14829
14834
14839
14848
14851
14861
14875
14906
14943
14951
15035
15057
15066
15123
15151
15155
15166
15197
15255
15399
15414
15416
15438
15466
15477
15501
15539
15558
15601
15626
15672
15675
15680
15686
15691
15727
15744
15766
15768
15774
15800
15818
15846
15875
15890
15901
15902
15907
15908
15941
15958
15967
15971
15972
15985
16001
16029
16045
16080
16081
16087
16113
16133
16152
16159
16171
16179
16224
16266
16345
16389
16420
16426
16440
16452
16467
16479
16505
16509
16607
16608
16612
16617
16656
16681
16749
16793
16802
16805
16809
16828
16916
16932
16958
16962
16967
16981
16985
17030
17040
17115
17137
17141
17203
17206
17236
17267
17371
17387
17390
17398
17407
17428
17447
17499
17533
17550
17578
17594
17623
17698
17716
17724
17770
17774
17793
17796
17897
17919
17924
17927
17934
17937
17966
17975
17981
18016
18027
18042
18091
18092
18118
18134
18141
18151
18229
18262
18268
18277
18278
18304
18308
18314
18315
18320
18405
18439
18453
18481
18488
18521
18569
18574
18612
18634
18636
18686
18729
18763
18776
18814
18836
18856
18864
18878
18887
18893
18970
