15
23
31
33
39
54
56
57
58
77
79
94
96
113
115
118
120
124
135
136
141
146
155
157
164
178
180
212
213
223
226
229
233
253
254
258
277
281
287
298
303
307
315
317
321
336
338
342
347
350
353
356
367
375
387
391
407
426
434
446
466
468
478
482
486
490
506
520
521
534
538
542
551
553
554
569
574
580
591
593
594
598
602
608
612
614
618
619
624
627
630
636
637
655
666
673
674
683
692
694
695
696
700
703
708
710
712
725
729
730
733
748
759
762
763
773
776
788
796
804
808
815
816
818
834
839
841
842
853
861
865
866
868
871
874
875
876
880
881
883
899
902
918
919
932
936
958
963
967
968
969
970
971
975
977
978
982
990
992
995
999
1001
1010
1013
1021
1023
1025
1028
1029
1038
1042
1043
1045
1046
1057
1060
1064
1069
1083
1085
1095
1105
1106
1108
1118
1122
1138
1141
1143
1149
1150
1155
1157
1166
1167
1175
1182
1191
1195
1197
1199
1225
1250
1253
1255
1260
1268
1274
1279
1301
1303
1304
1310
1314
1333
1341
1344
1347
1355
1367
1375
1385
1403
1408
1414
1441
1445
1450
1456
1461
1463
1466
1474
1478
1479
1483
1486
1487
1493
1498
1512
1526
1529
1538
1543
1546
1550
1562
1571
1574
1577
1588
1596
1605
1608
1610
1614
1644
1657
1668
1670
1673
1677
1678
1681
1682
1696
1699
1715
1720
1721
1723
1724
1725
1727
1744
1745
1747
1748
1752
1757
1761
1763
1782
1794
1796
1799
1800
1803
1806
1810
1825
1834
1835
1854
1877
1883
1898
1904
1908
1909
1922
1927
1935
1936
1949
1951
1955
1964
1978
1985
1989
1992
1995
1996
1998
2001
2005
2007
2015
2016
2019
2021
2029
2030
2035
2045
2052
2053
2065
2082
2083
2086
2092
2093
2104
2106
2107
2113
2130
2136
2140
2150
2153
2161
2187
2208
2211
2218
2223
2224
2225
2228
2234
2240
2241
2243
2246
2247
2249
2254
2256
2274
2279
2281
2283
2291
2300
2305
2306
2307
2317
2324
2326
2329
2333
2343
2345
2348
2350
2357
2361
2375
2376
2379
2382
2387
2388
2390
2394
2401
2416
2424
2449
2454
2455
2468
2470
2471
2475
2477
2491
2493
2500
2506
2507
2508
2512
2525
2528
2535
2543
2563
2567
2571
2581
2594
2595
2600
2604
2607
2613
2615
2619
2620
2624
2635
2645
2652
2661
2676
2687
2692
2696
2706
2718
2720
2728
2740
2758
2759
2762
2764
2769
2770
2772
2776
2777
2784
2787
2791
2796
2822
2824
2826
2827
2829
2832
2842
2845
2861
2880
2891
2895
2902
2913
2922
2933
2935
2937
2939
2945
2960
2980
2985
2993
3001
3013
3017
3028
3033
3034
3035
3041
3044
3062
3066
3076
3086
3094
3104
3108
3115
3116
3122
3125
3149
3152
3153
3161
3163
3198
3200
3210
3215
3219
3222
3224
3229
3230
3233
3235
3241
3242
3243
3250
3258
3285
3286
3289
3294
3295
3300
3303
3304
3317
3325
3328
3333
3334
3337
3344
3372
3377
3391
3393
3398
3405
3406
3409
3428
3432
3457
3461
3465
3473
3479
3482
3484
3497
3499
3506
3510
3512
3516
3517
3529
3560
3564
3565
3570
3576
3581
3583
3584
3590
3592
3600
3601
3604
3606
3614
3617
3650
3653
3655
3659
3664
3678
3680
3689
3692
3697
3699
3701
3702
3714
3715
3730
3731
3737
3738
3746
3748
3750
3753
3755
3756
3778
3780
3789
3796
3810
3816
3827
3829
3837
3842
3850
3851
3852
3861
3867
3870
3876
3878
3895
3901
3904
3914
3932
3940
3944
3945
3955
3961
3962
3963
3972
3999
4002
4006
4010
4013
4024
4025
4029
4030
4031
4033
4036
4039
4040
4051
4054
4056
4058
4059
4060
4068
4072
4083
4096
4115
4119
4121
4123
4129
4131
4138
4144
4156
4159
4162
4171
4174
4178
4187
4189
4202
4207
4209
4212
4217
4221
4231
4234
4235
4238
4239
4242
4243
4270
4275
4286
4299
4300
4302
4303
4304
4307
4313
4315
4320
4326
4333
4342
4349
4360
4367
4369
4371
4372
4377
4378
4380
4388
4389
4403
4405
4410
4415
4418
4420
4443
4456
4461
4464
4469
4471
4479
4481
4482
4485
4488
4491
4496
4502
4508
4517
4521
4532
4534
4544
4548
4553
4555
4556
4557
4563
4568
4569
4573
4574
4575
4581
4582
4608
4610
4623
4629
4632
4636
4647
4649
4658
4668
4672
4673
4679
4683
4688
4694
4697
4705
4706
4713
4718
4725
4747
4753
4757
4770
4772
4776
4777
4784
4789
4795
4800
4803
4813
4814
4822
4826
4845
4848
4858
4863
4869
4875
4885
4886
4890
4892
4894
4898
4899
4902
4921
4923
4927
4933
4941
4942
4945
4947
4971
4981
4982
4984
5003
5004
5005
5007
5009
5019
5025
5033
5037
5043
5044
5045
5048
5053
5056
5060
5078
5093
5099
5112
5116
5129
5134
5135
5137
5158
5160
5162
5165
5176
5178
5188
5190
5194
5201
5203
5212
5215
5216
5221
5225
5227
5228
5229
5231
5233
5245
5253
5264
5268
5276
5280
5281
5282
5291
5296
5299
5301
5314
5334
5339
5343
5371
5373
5376
5383
5399
5410
5413
5435
5438
5455
5464
5470
5474
5479
5484
5485
5486
5495
5500
5503
5509
5511
5518
5528
5544
5556
5570
5586
5587
5588
5594
5595
5607
5614
5617
5619
5624
5625
5628
5638
5642
5645
5649
5650
5657
5662
5676
5682
5690
5692
5699
5703
5705
5716
5720
5726
5727
5729
5734
5736
5750
5770
5771
5778
5789
5790
5791
5802
5804
5807
5816
5835
5843
5844
5851
5860
5863
5869
5872
5874
5879
5880
5888
5889
5904
5908
5913
5916
5917
5920
5924
5927
5938
5949
5956
5966
5972
5976
5994
5997
6018
6022
6026
6028
6040
6042
6045
6059
6061
6069
6079
6095
6102
6114
6124
6141
6155
6163
6172
6176
6178
6191
6193
6204
6206
6207
6218
6225
6227
6232
6233
6241
6246
6248
6249
6259
6268
6269
6277
6290
6296
6301
6305
6309
6315
6316
6318
6320
6321
6322
6327
6331
6338
6339
6342
6347
6349
6350
6352
6359
6374
6379
6384
6389
6391
6392
6394
6395
6398
6402
6405
6408
6426
6428
6436
6442
6450
6453
6463
6464
6465
6467
6471
6477
6478
6487
6489
6492
6494
6495
6499
6504
6505
6532
6533
6535
6545
6550
6558
6588
6598
6602
6605
6609
6613
6627
6629
6634
6636
6645
6646
6647
6648
6653
6654
6655
6664
6666
6673
6676
6677
6682
6684
6685
6688
6691
6694
6698
6699
6707
6709
6711
6718
6721
6723
6737
6745
6748
6753
6755
6758
6764
6766
6771
6786
6789
6808
6815
6822
6830
6834
6842
6855
6862
6867
6874
6875
6887
6888
6889
6892
6900
6909
6918
6921
6922
6926
6929
6941
6945
6966
6967
6971
6983
6991
6998
7006
7007
7009
7010
7016
7017
7018
7020
7024
7030
7032
7037
7044
7045
7050
7068
7072
7076
7078
7096
7099
7104
7108
7118
7119
7127
7128
7130
7136
7139
7140
7144
7146
7147
7155
7157
7158
7160
7162
7164
7169
7172
7176
7178
7191
7201
7205
7207
7222
7226
7235
7237
7246
7254
7258
7259
7266
7267
7273
7286
7296
7303
7309
7314
7317
7323
7325
7326
7332
7335
7336
7337
7339
7340
7341
7347
7351
7354
7360
7365
7367
7374
7386
7388
7390
7393
7397
7400
7407
7418
7430
7435
7441
7448
7450
7452
7461
7467
7473
7477
7479
7489
7492
7497
7501
7506
7511
7514
7520
7523
7528
7536
7538
7542
7550
7554
7557
7560
7563
7564
7567
7570
7571
7578
7611
7614
7632
7649
7667
7669
7672
7676
7689
7695
7709
7712
7713
7714
7717
7724
7730
7741
7747
7752
7771
7778
7794
7816
7820
7824
7833
7834
7835
7843
7844
7846
7860
7862
7865
7879
7880
7882
7884
7885
7891
7897
7909
7911
7930
7939
7940
7943
7947
7953
7958
7963
7972
7977
7978
7979
7980
7982
8001
8002
8007
8010
8012
8014
8023
8027
8028
8033
8035
8038
8043
8046
8050
8056
8065
8069
8085
8089
8093
8096
8097
8099
8103
8108
8112
8114
8115
8118
8121
8125
8136
8140
8142
8143
8146
8147
8155
8165
8166
8168
8178
8183
8189
8204
8205
8220
8223
8225
8227
8229
8238
8249
8251
8253
8254
8259
8261
8264
8265
8269
8270
8275
8278
8282
8283
8285
8287
8296
8302
8304
8305
8309
8313
8314
8317
8320
8326
8329
8337
8346
8354
8355
8356
8358
8359
8364
8368
8372
8374
8375
8380
8389
8397
8400
8401
8402
8405
8406
8410
8413
8431
8433
8434
8439
8446
8448
8450
8469
8470
8476
8487
8488
8491
8493
8495
8501
8502
8519
8530
8534
8535
8536
8551
8558
8559
8563
8564
8573
8577
8578
8579
8584
8589
8590
8591
8593
8594
8602
8609
8611
8613
8614
8622
8630
8633
8653
8655
8660
8661
8667
8670
8672
8689
8694
8695
8696
8697
8702
8703
8704
8719
8721
8722
8730
8731
8732
8736
8740
8742
8746
8753
8757
8758
8763
8770
8775
8781
8790
8794
8797
8800
8806
8812
8813
8816
8818
8824
8826
8832
8834
8840
8841
8846
8848
8849
8853
8859
8873
8883
8886
8889
8893
8896
8898
8904
8910
8911
8912
8913
8916
8917
8919
8922
8926
8927
8929
8930
8938
8940
8941
8942
8945
8948
8949
8950
8952
8957
8958
8960
8979
8984
8986
8991
8999
9001
9004
9006
9013
9020
9023
9029
9031
9035
9037
9040
9048
9053
9056
9057
9059
9061
9062
9064
9072
9073
9076
9085
9093
9095
9099
9102
9108
9110
9114
9116
9119
9122
9123
9128
9129
9132
9142
9149
9153
9154
9158
9163
9164
9166
9167
9170
9171
9172
9177
9178
9207
9215
9216
9217
9221
9230
9233
9237
9240
9243
9247
9248
9255
9261
9264
9267
9278
9279
9282
9287
9295
9296
9309
9312
9313
9321
9322
9331
9335
9339
9344
9351
9359
9365
9369
9373
9376
9381
9386
9387
9405
9409
9410
9418
9419
9423
9425
9430
9434
9441
9444
9461
9462
9473
9476
9480
9496
9499
9507
9509
9510
9516
9521
9525
9527
9529
9532
9535
9542
9545
9546
9553
9556
9565
9568
9572
9573
9578
9579
9582
9588
9605
9608
9612
9613
9622
9627
9629
9635
9636
9637
9639
9643
9646
9652
9655
9659
9662
9671
9686
9687
9691
9697
9706
9707
9709
9719
9720
9731
9734
9736
9737
9739
9754
9760
9762
9763
9766
9771
9783
9784
9786
9789
9797
9800
9811
9824
9837
9841
9844
9850
9853
9854
9855
9857
9859
9871
9880
9883
9887
9889
9891
9893
9902
9908
9923
9926
9927
9929
9933
9940
9945
9957
9960
9968
9972
9974
9979
9989
9990
10000
10001
10005
10007
10021
10025
10030
10031
10035
10037
10044
10045
10047
10049
10056
10061
10067
10071
10086
10096
10106
10114
10115
10117
10119
10121
10124
10125
10129
10140
10146
10152
10154
10160
10164
10172
10181
10183
10184
10188
10192
10193
10198
10199
10209
10213
10214
10218
10229
10230
10237
10245
10246
10252
10265
10273
10274
10275
10280
10283
10292
10302
10303
10305
10308
10317
10321
10324
10326
10331
10332
10337
10342
10343
10345
10349
10358
10361
10367
10368
10377
10383
10384
10385
10388
10392
10397
10399
10400
10408
10409
10420
10426
10427
10428
10432
10440
10448
10449
10451
10457
10459
10461
10465
10470
10472
10473
10480
10481
10487
10494
10495
10500
10509
10512
10533
10534
10537
10538
10557
10559
10567
10572
10574
10594
10610
10632
10633
10636
10637
10639
10640
10653
10657
10659
10660
10669
10670
10673
10682
10688
10692
10701
10709
10717
10725
10726
10728
10733
10734
10747
10757
10759
10762
10763
10769
10771
10773
10786
10794
10797
10804
10806
10817
10818
10821
10825
10827
10834
10839
10841
10844
10853
10859
10861
10876
10880
10881
10889
10894
10899
10904
10909
10914
10917
10918
10920
10924
10937
10943
10953
10966
10967
10977
10980
10988
10990
10994
10995
10996
11000
11011
11017
11018
11019
11028
11029
11033
11036
11039
11055
11064
11069
11070
11072
11088
11089
11094
11096
11100
11101
11104
11105
11110
11116
11121
11122
11130
11131
11134
11160
11166
11169
11172
11174
11178
11181
11182
11187
11188
11189
11194
11198
11213
11214
11226
11227
11228
11237
11243
11249
11252
11253
11256
11258
11259
11263
11276
11287
11296
11297
11301
11304
11306
11315
11319
11327
11330
11331
11335
11338
11341
11342
11346
11356
11357
11358
11360
11373
11384
11392
11412
11419
11421
11423
11437
11445
11449
11464
11465
11484
11495
11504
11514
11521
11525
11526
11527
11529
11534
11543
11550
11554
11559
11566
11567
11568
11573
11578
11581
11586
11589
11597
11610
11614
11617
11618
11619
11623
11632
11635
11636
11637
11639
11656
11658
11663
11664
11673
11674
11676
11680
11685
11687
11688
11694
11697
11699
11700
11702
11704
11717
11727
11754
11757
11760
11763
11771
11774
11782
11787
11788
11800
11802
11805
11812
11816
11827
11836
11845
11846
11847
11852
11854
11855
11856
11861
11864
11865
11869
11875
11889
11906
11916
11920
11922
11934
11942
11946
11950
11951
11954
11955
11968
11971
11976
11984
11986
11992
12000
12001
12006
12013
12015
12019
12020
12031
12033
12034
12039
12051
12052
12054
12056
12059
12064
12069
12070
12085
12091
12098
12105
12113
12116
12120
12122
12132
12137
12142
12146
12150
12152
12154
12159
12162
12164
12165
12174
12178
12183
12184
12187
12190
12196
12207
12218
12226
12227
12228
12232
12233
12242
12245
12246
12257
12259
12260
12268
12275
12276
12282
12288
12291
12293
12298
12302
12303
12317
12323
12331
12335
12341
12343
12346
12350
12358
12362
12363
12366
12383
12395
12400
12404
12408
12411
12415
12418
12421
12425
12433
12434
12448
12450
12457
12464
12468
12470
12471
12482
12485
12490
12492
12497
12504
12506
12513
12529
12538
12557
12560
12571
12578
12581
12583
12585
12588
12589
12593
12598
12600
12603
12613
12615
12617
12621
12624
12628
12645
12647
12651
12653
12654
12655
12661
12665
12670
12672
12698
12702
12705
12718
12721
12727
12728
12731
12732
12733
12735
12739
12740
12742
12744
12746
12748
12756
12761
12765
12766
12771
12774
12776
12789
12790
12798
12800
12814
12815
12817
12821
12828
12831
12835
12837
12853
12862
12863
12864
12867
12868
12877
12886
12889
12897
12898
12899
12910
12916
12921
12928
12938
12942
12947
12951
12953
12955
12958
12968
12973
12975
12977
12979
12986
12987
12988
12989
12995
13001
13005
13008
13031
13035
13036
13042
13061
13062
13065
13072
13073
13089
13091
13096
13108
13110
13119
13121
13127
13138
13146
13155
13157
13158
13161
13167
13176
13178
13181
13189
13192
13193
13194
13196
13211
13226
13248
13249
13255
13275
13284
13293
13315
13320
13322
13327
13338
13340
13368
13369
13380
13387
13389
13393
13401
13405
13415
13416
13417
13420
13430
13431
13432
13441
13445
13462
13465
13467
13473
13485
13492
13501
13502
13503
13513
13523
13532
13540
13553
13565
13573
13579
13580
13597
13601
13618
13622
13627
13632
13646
13655
13659
13660
13664
13670
13673
13675
13678
13679
13682
13683
13685
13695
13696
13698
13699
13701
13706
13707
13715
13730
13742
13743
13745
13751
13752
13753
13754
13759
13760
13762
13765
13769
13783
13785
13787
13792
13795
13806
13808
13810
13811
13813
13816
13827
13831
13835
13837
13843
13847
13854
13857
13859
13860
13866
13869
13877
13906
13911
13917
13923
13929
13934
13939
13942
13949
13968
13970
13972
13976
13977
13989
14004
14025
14029
14035
14043
14048
14057
14059
14061
14063
14066
14070
14083
14087
14088
14097
14102
14103
14117
14120
14135
14141
14155
14161
14166
14168
14178
14181
14189
14192
14208
14214
14215
14219
14220
14221
14224
14227
14229
14231
14236
14237
14242
14246
14250
14260
14275
14280
14284
14291
14293
14295
14297
14299
14310
14314
14315
14322
14325
14328
14331
14335
14336
14339
14341
14363
14364
14371
14373
14378
14382
14389
14391
14394
14397
14409
14411
14419
14440
14452
14455
14457
14464
14466
14469
14472
14478
14481
14483
14484
14491
14492
14495
14501
14504
14516
14517
14524
14527
14529
14533
14546
14554
14567
14571
14572
14573
14574
14575
14582
14584
14595
14606
14607
14614
14615
14617
14625
14629
14632
14633
14636
14637
14639
14648
14661
14665
14667
14670
14678
14683
14686
14701
14705
14719
14734
14737
14740
14741
14746
14747
14748
14751
14752
14755
14765
14768
14770
14776
14782
14786
14796
14800
14823
14825
14829
14835
14840
14847
14852
14853
14854
14864
14883
14884
14890
14891
14894
14899
14904
14908
14916
14924
14947
14950
14953
14964
14965
14970
14971
14974
14979
14987
14989
14990
14991
14996
15007
15010
15013
15016
15017
15024
15042
15046
15048
15055
15059
15062
15076
15091
15093
15094
15099
15103
15112
15116
15118
15120
15125
15129
15130
15132
15148
15152
15158
15169
15174
15177
15182
15197
15203
15208
15215
15217
15230
15244
15247
15248
15253
15258
15262
15265
15273
15282
15284
15295
15307
15326
15327
15328
15333
15340
15343
15345
15358
15376
15377
15380
15389
15394
15398
15403
15411
15413
15416
15417
15420
15423
15437
15448
15458
15461
15463
15471
15483
15487
15491
15494
15502
15506
15507
15509
15518
15526
15534
15536
15542
15551
15552
15557
15559
15564
15573
15575
15578
15580
15583
15586
15589
15593
15596
15598
15599
15600
15603
15608
15610
15621
15628
15631
15633
15636
15638
15641
15642
15644
15645
15651
15657
15660
15661
15663
15667
15668
15676
15689
15693
15698
15702
15706
15723
15725
15741
15743
15752
15761
15763
15764
15768
15773
15775
15776
15777
15778
15779
15792
15793
15794
15799
15801
15802
15805
15807
15823
15825
15826
15827
15831
15844
15849
15853
15855
15862
15869
15870
15871
15873
15883
15899
15911
15912
15926
15927
15928
15931
15932
15933
15934
15935
15937
15938
15940
15943
15975
15986
15989
15994
15996
15997
16002
16020
16021
16028
16030
16032
16041
16044
16056
16068
16069
16073
16074
16075
16084
16088
16098
16101
16108
16111
16121
16149
16151
16155
16157
16173
16174
16177
16180
16181
16186
16188
16192
16198
16201
16203
16205
16216
16219
16221
16227
16233
16245
16247
16250
16252
16260
16264
16268
16276
16277
16278
16283
16291
16293
16294
16303
16305
16311
16312
16313
16317
16329
16330
16342
16354
16355
16356
16358
16363
16367
16372
16379
16393
16395
16396
16399
16400
16403
16405
16407
16410
16411
16414
16424
16432
16435
16443
16447
16450
16457
16458
16465
16477
16481
16488
16489
16494
16501
16503
16510
16514
16516
16520
16522
16524
16526
16528
16549
16554
16556
16559
16568
16577
16590
16591
16598
16601
16602
16606
16609
16611
16615
16616
16619
16625
16627
16633
16647
16648
16649
16660
16663
16666
16667
16671
16680
16685
16688
16696
16704
16705
16707
16709
16712
16713
16737
16741
16742
16750
16752
16767
16775
16779
16781
16782
16783
16787
16790
16796
16797
16810
16813
16821
16825
16836
16837
16838
16839
16847
16848
16850
16853
16854
16861
16863
16867
16870
16871
16888
16889
16890
16893
16895
16900
16908
16921
16946
16960
16965
16966
16977
16984
16986
16990
16994
16995
16997
16998
17001
17002
17005
17006
17008
17009
17014
17018
17022
17033
17036
17039
17044
17051
17060
17069
17074
17076
17083
17086
17092
17095
17097
17102
17128
17132
17134
17145
17149
17155
17165
17169
17184
17189
17191
17194
17197
17199
17201
17222
17223
17224
17229
17234
17243
17245
17250
17251
17253
17255
17264
17265
17266
17273
17290
17303
17306
17308
17312
17315
17317
17320
17339
17340
17347
17351
17353
17355
17360
17366
17372
17374
17376
17384
17385
17389
17402
17404
17408
17417
17418
17448
17450
17455
17466
17471
17487
17488
17489
17512
17513
17519
17520
17521
17522
17528
17530
17535
17540
17543
17546
17548
17556
17557
17558
17567
17568
17573
17577
17582
17585
17590
17591
17593
17597
17598
17604
17607
17619
17622
17625
17627
17631
17635
17640
17645
17647
17649
17654
17655
17656
17660
17663
17676
17687
17689
17695
17697
17704
17712
17713
17720
17723
17735
17750
17752
17759
17776
17784
17785
17787
17788
17791
17794
17799
17800
17803
17804
17816
17825
17826
17830
17831
17836
17847
17849
17851
17853
17856
17857
17865
17866
17869
17876
17877
17889
17894
17904
17908
17912
17913
17918
17929
17931
17947
17956
17961
17962
17971
17988
17994
17996
17997
18001
18016
18020
18022
18023
18029
18031
18035
18039
18049
18058
18060
18066
18067
18072
18076
18080
18089
18094
18096
18098
18099
18104
18108
18110
18111
18112
18113
18115
18117
18119
18121
18124
18127
18132
18134
18144
18146
18149
18150
18155
18157
18158
18159
18173
18174
18183
18186
18191
18204
18208
18209
18210
18214
18220
18227
18228
18229
18230
18235
18242
18249
18251
18252
18260
18264
18273
18279
18289
18293
18303
18305
18311
18330
18334
18337
18338
18342
18344
18346
18348
18350
18358
18369
18371
18374
18375
18376
18378
18394
18403
18413
18416
18421
18422
18424
18440
18448
18455
18465
18467
18471
18476
18477
18491
18492
18493
18500
18505
18514
18517
18520
18528
18531
18545
18567
18570
18581
18588
18590
18600
18605
18609
18615
18619
18622
18627
18640
18644
18645
18646
18654
18658
18662
18663
18668
18680
18681
18683
18699
18714
18719
18730
18732
18741
18747
18760
18765
18774
18775
18778
18782
18788
18793
18795
18797
18802
18803
18804
18815
18816
18819
18825
18828
18842
18848
18849
18851
18852
18853
18859
18861
18865
18872
18873
18877
18882
18897
18910
18911
18919
18920
18922
18925
18929
18934
18935
18939
18943
18947
18948
18955
18961
18962
18965
18966
18971
18973
18978
18979
18983
18985
18991
18993
18995
18997
19000
